aruco_to_calibration_link:
  rotation:
    w: 0.007480331076937575
    x: -0.09268279204962541
    y: -0.03516879414258954
    z: 0.9950462806439816
  translation:
    x: 0.036352052985860084
    y: -0.006876690887301362
    z: 0.06085299848140349
