approach_link:
  rotation:
    w: 0.45076044346264116
    x: -0.5348444945647317
    y: 0.5497310867166946
    z: -0.45667507216886905
  translation:
    x: -0.09545354696947689
    y: 0.005215002152232695
    z: 0.03830149807208039
mount_link:
  rotation:
    w: 0.45076044346264116
    x: -0.5348444945647317
    y: 0.5497310867166946
    z: -0.45667507216886905
  translation:
    x: 0.031002577413661803
    y: 0.0026548344206421826
    z: 0.015617932497367537
