tool_calibration_offset:
  approach_link:
    rotation:
      w: 0.35008746855471984
      x: -0.6114429442394433
      y: 0.6163770855791333
      z: -0.35164695174808924
    translation:
      x: -0.3205101637762261
      y: 0.0011546796765791734
      z: 0.16001442529919535
  mount_link:
    rotation:
      w: 0.35008746855471984
      x: -0.6114429442394433
      y: 0.6163770855791333
      z: -0.35164695174808924
    translation:
      x: -0.20979509291989673
      y: 0.0004637067120709659
      z: 0.09479214657757856
