approach_link:
  rotation:
    w: -0.4437506365526121
    x: 0.5516961865509543
    y: -0.5353629111508856
    z: 0.46054667914157776
  translation:
    x: -0.11888717485225025
    y: 0.0031964298112464595
    z: 0.020874662607866724
mount_link:
  rotation:
    w: -0.4437506365526121
    x: 0.5516961865509543
    y: -0.5353629111508856
    z: 0.46054667914157776
  translation:
    x: 0.007466741307541436
    y: 0.002748202047824777
    z: -0.002507744517072974
